Data to fit:

6
5
3
9
15
9
11
15
6
9
10
7
5
9
11
4
4
15
5
6
8
5
4
6
1
3
1
5
8
3
1
2
4
3
4
3
5
2
1
2
1
0
5
1
1
0
2
0
2
3
3
0
2
1
1
1
3
0
1
0
2
0
0
2
0
1
1
2
3
0
2
1
1
1
1
3
2
1
2
1
1
4
0
0
1
1
3
2
2
1
1
2
1
1
0
0
3
2
0
2
1
2
0
1
1
0
2
0
1
1
1
0
2
2
0
0
2
1
0
0
0
1
1
1
0
1
0
0
0
1
1
1
0
0
1
0
2
0
0
0
0
0
0
1
0
0
2
0
0
0
1
0
0
0
0
0
0
0
0
0
0
0
0
0
0
1
0
0
0
1
0
0
0
0
0
0
0
0
0
0
0
0
0
0
0
0
0
0
0
0
0
0
0
0
0
0
0
0
0
0

Unoscillated flux:

0.1920106374595644
1.5397320177516025
4.162085393246828
7.68225932061963
12.91060482069472
19.981117172203493
29.1878224194489
39.75448508150027
52.17337277639784
67.20012509846377
87.56135465111004
110.5491582563143
120.76553229294687
108.11421178220789
85.22315798919846
64.82134153991738
49.595017717055
36.930421830007866
25.466315279235435
17.41562153105151
12.351481065660982
9.628033093552572
8.10609141479085
6.74134901226256
5.800115196811254
5.256340126456849
4.685447116221797
4.117230752694551
3.88642843452774
3.411826507205012
3.223972508790458
3.000838613621007
2.775212482654547
2.587907397714369
2.5264053071132597
2.3406634363376577
2.2289474345371163
2.139036322374155
2.113543439340479
1.985200465607037
1.9700588908367225
1.842755824117042
1.7594696763140794
1.7205604795108942
1.7272773162312032
1.6951350569164734
1.6374506032840597
1.5548630540107429
1.5644145894981936
1.5459967625600137
1.5970261425561674
1.5029273430557115
1.507096134664253
1.5426239947989249
1.5454228361418827
1.4862840641916377
1.5329981267204804
1.5452424510651517
1.5247578096177599
1.5775232864399025
1.5770664589876537
1.5738344895872411
1.5977101203898034
1.589239131918593
1.574740843265572
1.5765618310249185
1.6109649184331665
1.5999862905941926
1.6215445817817435
1.6678670467516294
1.6130600951510592
1.6854946962864679
1.6893114224169263
1.714559545022215
1.74004012472988
1.7464956069829791
1.7731886551149987
1.8046871271811409
1.8174292058377806
1.8366828336227128
1.8264300348725253
1.8469852959267126
1.8717264570004146
1.8632817209000496
1.8269881356605124
1.841200738592478
1.8514460780062119
1.7909043113115442
1.773105374852273
1.7369954623232113
1.7282246676447093
1.7000398099703726
1.683138112844277
1.6360295996051857
1.6197973453206482
1.5503448916492155
1.540018565482692
1.4933903935941246
1.472241107210065
1.4175266490674228
1.3740104622247065
1.334080681652656
1.2544391212797505
1.217955204768536
1.1735553498662596
1.0922133587944147
1.1034219916199937
1.0438579791324023
0.9874682125315912
0.9268690882725374
0.8993693765844067
0.8460418782005635
0.8376959263990457
0.813454362464777
0.756520443134132
0.7310144289402171
0.6827676023705067
0.7077236304804756
0.6313334941402095
0.6352285241656566
0.5966858880644342
0.5850580241519244
0.5551171206349726
0.5518313578823388
0.5246688811911129
0.5109283148543267
0.48923308115951814
0.4719554097477143
0.4650375036368148
0.4509117545938387
0.4240662078065129
0.4369518610957344
0.41160803741580143
0.39191517321425634
0.38558386132452466
0.3894577952121248
0.3594127896270359
0.34321865764375337
0.3421646766772548
0.3275831179124809
0.3297803968507938
0.31879663008601566
0.3009060618304972
0.2856997031345233
0.2939405291716008
0.28451119063637514
0.2770904823378289
0.2587506892648603
0.2541725294113692
0.24746145375005002
0.2419512979240341
0.23950788063424183
0.22779244424954978
0.2333112524108694
0.21945065830962782
0.20983701874641789
0.19199964728617228
0.2009853050662288
0.18070068237787776
0.1904856289926038
0.18595330026698845
0.17895529202705618
0.18184957030160634
0.17480878954872986
0.15463461643458923
0.16348762129130215
0.15301081846809592
0.14680055427039812
0.14517526298820338
0.15508206714134398
0.13032300412559716
0.13853302375272766
0.12744700317969992
0.1302625983591394
0.12571223712048304
0.1245164821888151
0.12201279214363184
0.11109810837550341
0.09821330217512736
0.09946654866580107
0.10931690172008832
0.09740101770973252
0.09919024962670907
0.08689592969177956
0.08939565410248317
0.08874196372393128
0.08722982655078002
0.08650772403691187
0.07710449063881883
0.0760934317984673
0.07443570722466163
0.08264238693010993
0.0674463720275693
0.07307009388464436
0.06260124730413515
0.07480813335898037
0.07068881812011109
0.0616228516653542
0.059574669867157884
0.06364077963013975